MAE: 790.8167342539907
MSE: 1412013.8556318292
RMSE: 1188.281892326829
R-squared: 0.9530652764459011
