MAE: 828.597182993701
MSE: 1434000.0197722395
RMSE: 1197.4973986494665
R-squared: 0.9523344659571588
