MAE: 819.7764436944908
MSE: 1398711.845031565
RMSE: 1182.6714865217496
R-squared: 0.9535074294656799
